## htsjdk.samtools.metrics.StringHeader
# CollectMultipleMetrics --INPUT rna1.bam --OUTPUT rna1.CollectMultipleMetrics --REFERENCE_SEQUENCE Homo_sapiens.GRCh38.dna.primary_assembly.fa --ASSUME_SORTED true --STOP_AFTER 0 --METRIC_ACCUMULATION_LEVEL ALL_READS --PROGRAM CollectAlignmentSummaryMetrics --PROGRAM CollectBaseDistributionByCycle --PROGRAM CollectInsertSizeMetrics --PROGRAM MeanQualityByCycle --PROGRAM QualityScoreDistribution --INCLUDE_UNPAIRED false --VERBOSITY INFO --QUIET false --VALIDATION_STRINGENCY STRICT --COMPRESSION_LEVEL 5 --MAX_RECORDS_IN_RAM 500000 --CREATE_INDEX false --CREATE_MD5_FILE false --help false --version false --showHidden false --USE_JDK_DEFLATER false --USE_JDK_INFLATER false
## htsjdk.samtools.metrics.StringHeader
# Started on: Fri May 10 12:35:05 GMT 2024

## METRICS CLASS	picard.analysis.BaseDistributionByCycleMetrics
READ_END	CYCLE	PCT_A	PCT_C	PCT_G	PCT_T	PCT_N
1	1	13.800999	37.034284	35.388333	13.76946	0.006923
1	2	26.814094	23.59698	23.065449	26.523421	0.000055
1	3	23.16111	27.33187	26.641104	22.833751	0.032165
1	4	24.684431	25.963161	25.071444	24.200143	0.080822
1	5	24.90238	25.74832	24.826164	24.454076	0.069059
1	6	26.211074	24.33448	23.545455	25.841552	0.067438
1	7	26.663872	23.880973	22.83501	26.620136	0.000009
1	8	20.103598	30.461805	29.359401	20.029132	0.046063
1	9	21.851932	28.613334	27.567084	21.967391	0.000259
1	10	27.587758	23.073866	22.442413	26.895615	0.000348
1	11	19.373006	31.285573	29.966971	19.374423	0.000027
1	12	22.870941	27.701168	26.516054	22.911693	0.000144
1	13	26.01556	24.680344	23.798604	25.505476	0.000016
1	14	24.29865	26.10618	25.282194	24.250812	0.062163
1	15	23.55811	27.003924	26.031871	23.404981	0.001114
1	16	23.689882	26.890922	25.979525	23.439611	0.00006
1	17	23.522527	27.051544	26.071575	23.354334	0.00002
1	18	23.466483	27.089875	25.952406	23.297825	0.193411
1	19	23.7163	27.018238	26.045072	23.219522	0.000868
1	20	23.507415	26.975381	26.169988	23.341894	0.005322
1	21	23.721253	26.782344	25.973024	23.512395	0.010984
1	22	23.862307	26.729147	25.796001	23.605063	0.007482
1	23	23.900061	26.585932	25.879127	23.634289	0.000591
1	24	23.843922	26.6471	25.704303	23.80193	0.002744
1	25	23.982415	26.669892	25.744094	23.603435	0.000164
1	26	23.882793	26.718053	25.883823	23.511074	0.004257
1	27	23.892305	26.68512	25.871519	23.550776	0.000279
1	28	23.883796	26.919011	25.894325	23.302543	0.000326
1	29	23.579236	27.027354	26.127724	23.265596	0.000091
1	30	23.82758	26.884961	25.811834	23.475233	0.000392
1	31	24.090113	26.692326	25.614429	23.602854	0.000279
1	32	24.020344	26.783727	25.692151	23.503583	0.000195
1	33	23.860277	26.766988	25.768629	23.603863	0.000244
1	34	23.691459	26.992767	25.899075	23.416032	0.000667
1	35	23.688063	26.876229	25.915511	23.506797	0.0134
1	36	23.536243	27.009144	25.974468	23.476807	0.003338
1	37	23.801065	26.959572	25.88238	23.356407	0.000576
1	38	23.578918	27.043234	25.959315	23.353227	0.065306
1	39	23.598266	26.932511	25.973664	23.495069	0.00049
1	40	23.604176	27.13524	25.955363	23.303515	0.001706
1	41	23.601303	27.085905	26.016649	23.294407	0.001737
1	42	23.682848	26.851182	26.001814	23.462107	0.002049
1	43	23.676298	26.95126	25.962974	23.409314	0.000153
1	44	23.544352	27.110187	26.015841	23.328518	0.001103
1	45	23.724684	26.932624	25.872088	23.469732	0.000873
1	46	23.569715	27.091032	25.90116	23.303739	0.134354
1	47	23.527655	27.031714	25.992835	23.4467	0.001096
1	48	23.707604	26.878532	25.974329	23.378768	0.060767
1	49	23.680903	26.926077	26.028722	23.299641	0.064657
1	50	23.616593	26.945666	26.103465	23.331563	0.002713
1	51	23.626055	27.019581	25.941746	23.4113	0.001318
1	52	23.72871	27.108296	25.955696	23.206448	0.000851
1	53	23.608403	27.054534	26.064868	23.271088	0.001108
1	54	23.611219	27.016076	25.958781	23.41148	0.002443
1	55	23.677572	27.08051	26.109661	23.129232	0.003026
1	56	23.693322	27.031158	25.989012	23.220669	0.065839
1	57	23.68888	26.915258	25.905425	23.42239	0.068047
1	58	23.840542	26.883286	25.963796	23.247667	0.064709
1	59	23.669529	26.958317	26.04505	23.325295	0.00181
1	60	23.797354	26.903786	25.834036	23.462708	0.002115
1	61	23.560478	27.143513	25.974196	23.248715	0.073098
1	62	23.592017	27.070509	26.110412	23.225868	0.001194
1	63	23.778184	26.854876	25.926819	23.438827	0.001294
1	64	23.877974	26.9978	25.913085	23.208388	0.002753
1	65	23.617878	27.146799	26.023452	23.210156	0.001715
1	66	23.690674	26.856966	25.948471	23.500451	0.003438
1	67	23.685075	26.989419	25.900873	23.414643	0.00999
1	68	23.610032	27.099628	25.855551	23.434255	0.000534
1	69	23.721866	26.935584	25.970783	23.370586	0.001181
1	70	23.706894	27.095958	25.982264	23.210419	0.004466
1	71	23.655315	26.957084	26.002328	23.381861	0.003411
1	72	23.699022	26.970764	25.868907	23.394807	0.0665
1	73	23.743279	26.934318	25.957472	23.362261	0.002669
1	74	23.695954	26.919563	26.018717	23.298127	0.067639
1	75	23.6075	26.947949	26.110798	23.328553	0.005199
1	76	23.791453	26.828238	26.038487	23.336512	0.00531
1	77	23.449543	27.069506	26.042999	23.371576	0.066377
1	78	23.711795	27.036753	25.909452	23.335119	0.00688
1	79	23.615204	27.184626	25.932179	23.264434	0.003558
1	80	23.520319	27.106204	26.105623	23.260732	0.007122
1	81	23.72637	26.91974	25.884428	23.465103	0.00436
1	82	23.614584	27.180307	25.999898	23.203306	0.001905
1	83	23.550683	27.148248	25.832854	23.463555	0.004661
1	84	23.616356	27.043527	25.938198	23.398684	0.003234
1	85	23.709989	27.029937	26.017837	23.171056	0.071181
1	86	23.659102	27.031507	25.985539	23.308644	0.015208
1	87	23.793021	26.969925	25.914713	23.319443	0.002898
1	88	23.77944	26.999104	25.921758	23.296116	0.003582
1	89	23.584069	27.013672	26.063064	23.268019	0.071175
1	90	23.59638	27.005786	25.987466	23.407484	0.002884
1	91	23.715427	26.87399	26.184391	23.223411	0.00278
1	92	23.698813	26.918928	26.018067	23.359801	0.004391
1	93	23.626553	27.091952	25.838174	23.314378	0.128944
1	94	23.762604	27.106459	25.938997	23.190698	0.001241
1	95	23.561533	27.069702	26.078058	23.284418	0.006289
1	96	23.773396	27.016503	25.934951	23.273302	0.001848
1	97	23.502088	27.29913	26.226364	22.968231	0.004186
1	98	23.129596	27.465982	26.63191	22.769524	0.002988
1	99	24.123238	26.599443	25.699839	23.569495	0.007985
1	100	23.025309	27.738999	26.735979	22.487684	0.012029
2	101	13.654475	37.234652	35.542739	13.567858	0.000277
2	102	27.009919	23.468793	22.877862	26.642987	0.000439
2	103	23.218385	27.267174	26.601171	22.913217	0.000053
2	104	24.554195	26.091064	25.184828	24.165474	0.004438
2	105	24.900925	25.76608	24.859099	24.472084	0.001812
2	106	26.025593	24.491165	23.748012	25.717444	0.017787
2	107	26.663006	23.845307	22.839383	26.617151	0.035153
2	108	20.037336	30.565698	29.433762	19.929944	0.033259
2	109	21.999815	28.478016	27.474614	22.014849	0.032706
2	110	27.4457	23.266325	22.520407	26.767472	0.000095
2	111	19.27472	31.36292	30.139953	19.222384	0.000022
2	112	22.796548	27.759895	26.580605	22.862894	0.000058
2	113	25.959163	24.750252	23.8136	25.476977	0.000009
2	114	24.225448	26.266463	25.389821	24.118237	0.000031
2	115	23.456516	27.133691	26.0426	23.367191	0.000002
2	116	23.503353	27.041412	26.090851	23.308792	0.055592
2	117	23.394351	27.217754	26.189696	23.195575	0.002625
2	118	23.347403	27.287942	26.062613	23.239647	0.062396
2	119	23.568607	27.11105	26.134053	23.108922	0.077369
2	120	23.505765	27.019208	26.211179	23.263707	0.000142
2	121	23.62241	26.760432	25.872115	23.418584	0.326459
2	122	23.864996	26.788611	25.810345	23.535758	0.00029
2	123	23.876355	26.57399	25.91433	23.634497	0.000828
2	124	23.807009	26.714132	25.689459	23.787416	0.001985
2	125	23.957217	26.688804	25.740086	23.613871	0.000022
2	126	23.889965	26.728535	25.825037	23.556417	0.000047
2	127	23.881897	26.650231	25.835028	23.57069	0.062154
2	128	23.812503	26.93978	25.97447	23.210752	0.062495
2	129	23.554511	27.065695	26.154403	23.220908	0.004483
2	130	23.832033	26.868312	25.807779	23.491873	0.000002
2	131	24.05617	26.709544	25.621672	23.612534	0.00008
2	132	23.990794	26.726612	25.627865	23.592821	0.061909
2	133	23.850574	26.726324	25.799691	23.6234	0.000011
2	134	23.46354	26.757184	25.779324	23.223345	0.776607
2	135	23.703649	26.873117	25.927869	23.495354	0.000011
2	136	23.545683	26.991842	25.965549	23.494647	0.002279
2	137	23.774369	26.964013	25.855641	23.404731	0.001247
2	138	23.62635	27.061974	25.948468	23.360045	0.003163
2	139	23.544863	26.957086	25.99871	23.499284	0.000058
2	140	23.55738	27.118654	25.96147	23.29572	0.066776
2	141	23.625152	27.000782	26.032826	23.27751	0.063731
2	142	23.698128	26.835258	25.971909	23.494572	0.000133
2	143	23.679625	26.945828	25.956903	23.41764	0.000004
2	144	23.590885	27.12315	25.937878	23.346406	0.001681
2	145	23.740621	26.933203	25.843027	23.482389	0.00076
2	146	23.548957	27.101351	25.993454	23.343403	0.012836
2	147	23.562347	27.000471	25.973563	23.463603	0.000016
2	148	23.72353	26.959628	25.92503	23.391768	0.000044
2	149	23.616478	27.028138	26.043303	23.308572	0.003509
2	150	23.620771	26.999792	26.042439	23.336548	0.00045
2	151	23.629221	27.035574	25.900966	23.432782	0.001457
2	152	23.676309	27.13652	25.965404	23.221435	0.000332
2	153	23.681823	26.997718	26.015292	23.304644	0.000523
2	154	23.618467	26.957441	25.946206	23.475286	0.0026
2	155	23.660328	27.07264	26.090118	23.112354	0.064561
2	156	23.776757	26.959528	25.958612	23.224936	0.080166
2	157	23.742108	26.947248	25.916614	23.394004	0.000027
2	158	23.753512	26.770043	25.872377	23.158663	0.445404
2	159	23.740715	26.90376	26.01801	23.337446	0.000069
2	160	23.83552	26.880097	25.787533	23.49681	0.00004
2	161	23.608611	27.109088	25.968691	23.313413	0.000197
2	162	23.607149	27.072702	26.045335	23.274788	0.000027
2	163	23.809397	26.86291	25.862259	23.46541	0.000024
2	164	23.876032	26.97846	25.904585	23.240821	0.000102
2	165	23.709082	27.06456	26.003048	23.222959	0.00035
2	166	23.694404	26.84115	25.921233	23.539321	0.003892
2	167	23.756413	26.916604	25.890158	23.428041	0.008783
2	168	23.630516	27.109193	25.839657	23.404944	0.01569
2	169	23.732077	26.89463	25.942256	23.366064	0.064973
2	170	23.70472	27.038307	25.881315	23.187179	0.188479
2	171	23.682256	26.958867	25.954449	23.339274	0.065155
2	172	23.723588	26.98552	25.842898	23.447744	0.00025
2	173	23.709013	26.972487	25.963571	23.3531	0.00183
2	174	23.697586	26.935019	26.015549	23.351607	0.000239
2	175	23.60302	26.962062	26.066175	23.366445	0.002297
2	176	23.793142	26.854815	26.024543	23.327241	0.000259
2	177	23.552753	26.999816	26.035413	23.406194	0.005824
2	178	23.678544	27.045146	25.90214	23.37402	0.000151
2	179	23.600666	27.211992	25.938341	23.244505	0.004497
2	180	23.526076	27.131565	26.068044	23.250148	0.024167
2	181	23.765199	26.900496	25.897232	23.436935	0.000137
2	182	23.513984	27.177364	26.102531	23.206023	0.000097
2	183	23.617914	27.109863	25.813267	23.45651	0.002446
2	184	23.615807	27.02702	25.948066	23.403707	0.005401
2	185	23.710216	27.093775	26.008884	23.186615	0.000509
2	186	23.706341	27.022358	25.968471	23.294199	0.00863
2	187	23.797553	26.964481	25.931521	23.292006	0.014439
2	188	23.756597	26.98919	25.946465	23.245847	0.061902
2	189	23.576232	27.033332	26.112671	23.276564	0.001201
2	190	23.57905	27.049365	25.928139	23.443309	0.000137
2	191	23.70606	26.898388	26.181779	23.213111	0.000662
2	192	23.700912	26.96739	26.0027	23.328194	0.000804
2	193	23.654664	27.117676	25.887528	23.324655	0.015477
2	194	23.719732	27.14307	25.963543	23.173028	0.000627
2	195	23.627338	27.042875	26.048882	23.279412	0.001493
2	196	23.772225	26.991272	25.925233	23.308375	0.002894
2	197	23.524571	27.28863	26.199503	22.986657	0.000639
2	198	23.239886	27.381247	26.555977	22.822342	0.000549
2	199	24.087982	26.625466	25.726494	23.557439	0.00262
2	200	23.011817	27.712176	26.717373	22.557227	0.001408


